 Variables=X, Ma,u,P,Rho,Mflux
 ZONE
       -0.333333        0.573027        0.656791        0.800419        0.852984        0.521787
       -0.330667        0.575683        0.659646        0.798815        0.851763        0.525416
       -0.328000        0.578341        0.662502        0.797211        0.850541        0.529060
       -0.325333        0.581021        0.665378        0.795585        0.849302        0.532742
       -0.322667        0.583705        0.668255        0.793959        0.848061        0.536439
       -0.320000        0.586409        0.671153        0.792313        0.846805        0.540172
       -0.317333        0.589118        0.674052        0.790664        0.845546        0.543922
       -0.314667        0.591846        0.676969        0.788998        0.844273        0.547706
       -0.312000        0.594580        0.679891        0.787327        0.842995        0.551509
       -0.309333        0.597332        0.682829        0.785640        0.841704        0.555345
       -0.306667        0.600091        0.685771        0.783947        0.840409        0.559201
       -0.304000        0.602868        0.688730        0.782239        0.839100        0.563089
       -0.301333        0.605652        0.691694        0.780524        0.837786        0.566998
       -0.298667        0.608453        0.694673        0.778795        0.836460        0.570938
       -0.296000        0.611263        0.697658        0.777059        0.835127        0.574900
       -0.293333        0.614089        0.700657        0.775308        0.833783        0.578892
       -0.290667        0.616924        0.703664        0.773550        0.832432        0.582907
       -0.288000        0.619774        0.706683        0.771779        0.831070        0.586952
       -0.285333        0.622634        0.709711        0.769999        0.829701        0.591020
       -0.282667        0.625510        0.712751        0.768206        0.828320        0.595117
       -0.280000        0.628395        0.715799        0.766404        0.826932        0.599238
       -0.277333        0.631296        0.718859        0.764590        0.825534        0.603387
       -0.274667        0.634206        0.721927        0.762767        0.824128        0.607561
       -0.272000        0.637132        0.725008        0.760932        0.822711        0.611763
       -0.269333        0.640068        0.728096        0.759088        0.821286        0.615989
       -0.266667        0.643018        0.731197        0.757231        0.819851        0.620243
       -0.264000        0.645980        0.734306        0.755365        0.818407        0.624521
       -0.261333        0.648955        0.737426        0.753488        0.816954        0.628828
       -0.258667        0.651942        0.740554        0.751601        0.815492        0.633158
       -0.256000        0.654943        0.743694        0.749702        0.814020        0.637516
       -0.253333        0.657955        0.746843        0.747794        0.812539        0.641898
       -0.250667        0.660981        0.750002        0.745874        0.811049        0.646308
       -0.248000        0.664019        0.753170        0.743945        0.809550        0.650742
       -0.245333        0.667070        0.756349        0.742004        0.808041        0.655203
       -0.242667        0.670133        0.759536        0.740054        0.806523        0.659689
       -0.240000        0.673210        0.762734        0.738093        0.804996        0.664201
       -0.237333        0.676299        0.765941        0.736122        0.803460        0.668737
       -0.234667        0.679400        0.769158        0.734140        0.801914        0.673299
       -0.232000        0.682514        0.772383        0.732149        0.800360        0.677885
       -0.229333        0.685641        0.775619        0.730146        0.798795        0.682498
       -0.226667        0.688781        0.778863        0.728134        0.797222        0.687134
       -0.224000        0.691933        0.782117        0.726111        0.795640        0.691796
       -0.221333        0.695098        0.785379        0.724079        0.794049        0.696482
       -0.218667        0.698276        0.788651        0.722036        0.792448        0.701192
       -0.216000        0.701466        0.791932        0.719983        0.790838        0.705927
       -0.213333        0.704669        0.795223        0.717920        0.789219        0.710686
       -0.210667        0.707885        0.798521        0.715848        0.787591        0.715469
       -0.208000        0.711113        0.801830        0.713765        0.785953        0.720276
       -0.205333        0.714354        0.805146        0.711673        0.784307        0.725106
       -0.202667        0.717608        0.808472        0.709571        0.782652        0.729959
       -0.200000        0.720874        0.811806        0.707459        0.780987        0.734836
       -0.197333        0.724153        0.815149        0.705337        0.779313        0.739736
       -0.194667        0.727445        0.818500        0.703207        0.777631        0.744658
       -0.192000        0.730749        0.821860        0.701066        0.775940        0.749602
       -0.189333        0.734066        0.825228        0.698916        0.774239        0.754569
       -0.186667        0.737395        0.828604        0.696757        0.772530        0.759559
       -0.184000        0.740737        0.831989        0.694588        0.770812        0.764570
       -0.181333        0.744091        0.835382        0.692410        0.769085        0.769602
       -0.178667        0.747458        0.838783        0.690223        0.767349        0.774656
       -0.176000        0.750838        0.842192        0.688027        0.765604        0.779730
       -0.173333        0.754230        0.845608        0.685822        0.763851        0.784826
       -0.170667        0.757634        0.849033        0.683608        0.762088        0.789942
       -0.168000        0.761051        0.852465        0.681386        0.760318        0.795077
       -0.165333        0.764481        0.855906        0.679154        0.758538        0.800234
       -0.162667        0.767923        0.859354        0.676914        0.756750        0.805409
       -0.160000        0.771377        0.862809        0.674665        0.754953        0.810603
       -0.157333        0.774844        0.866272        0.672407        0.753148        0.815817
       -0.154667        0.778323        0.869742        0.670142        0.751335        0.821049
       -0.152000        0.781814        0.873219        0.667868        0.749513        0.826299
       -0.149333        0.785318        0.876703        0.665585        0.747682        0.831568
       -0.146667        0.788833        0.880195        0.663295        0.745844        0.836853
       -0.144000        0.792362        0.883693        0.660997        0.743997        0.842156
       -0.141333        0.795902        0.887198        0.658690        0.742142        0.847475
       -0.138667        0.799455        0.890711        0.656376        0.740278        0.852812
       -0.136000        0.803020        0.894230        0.654054        0.738407        0.858164
       -0.133333        0.806597        0.897755        0.651725        0.736527        0.863532
       -0.130667        0.810186        0.901288        0.649387        0.734640        0.868915
       -0.128000        0.813787        0.904826        0.647043        0.732744        0.874313
       -0.125333        0.817400        0.908371        0.644691        0.730841        0.879725
       -0.122667        0.821025        0.911922        0.642332        0.728930        0.885151
       -0.120000        0.824662        0.915479        0.639966        0.727011        0.890591
       -0.117333        0.828312        0.919042        0.637593        0.725084        0.896044
       -0.114667        0.831973        0.922611        0.635214        0.723150        0.901510
       -0.112000        0.835645        0.926186        0.632827        0.721209        0.906988
       -0.109333        0.839330        0.929767        0.630434        0.719260        0.912478
       -0.106667        0.843027        0.933353        0.628034        0.717303        0.917979
       -0.104000        0.846735        0.936945        0.625628        0.715339        0.923491
       -0.101333        0.850456        0.940542        0.623216        0.713368        0.929013
       -0.098667        0.854187        0.944144        0.620798        0.711389        0.934545
       -0.096000        0.857930        0.947752        0.618373        0.709404        0.940087
       -0.093333        0.861685        0.951364        0.615943        0.707412        0.945637
       -0.090667        0.865451        0.954982        0.613508        0.705412        0.951196
       -0.088000        0.869229        0.958604        0.611066        0.703406        0.956763
       -0.085333        0.873019        0.962232        0.608619        0.701393        0.962337
       -0.082667        0.876820        0.965864        0.606167        0.699373        0.967918
       -0.080000        0.880632        0.969500        0.603709        0.697347        0.973505
       -0.077333        0.884455        0.973141        0.601247        0.695314        0.979098
       -0.074667        0.888290        0.976786        0.598780        0.693274        0.984696
       -0.072000        0.892136        0.980436        0.596307        0.691229        0.990300
       -0.069333        0.895993        0.984090        0.593830        0.689176        0.995907
       -0.066667        0.899861        0.987747        0.591349        0.687118        1.001518
       -0.064000        0.903740        0.991407        0.588864        0.685054        1.007130
       -0.061333        0.907631        0.995073        0.586373        0.682983        1.012748
       -0.058667        0.911532        0.998742        0.583879        0.680907        1.018366
       -0.056000        0.915443        1.002413        0.581381        0.678826        1.023984
       -0.053333        0.919366        1.006089        0.578880        0.676738        1.029604
       -0.050667        0.923299        1.009767        0.576374        0.674645        1.035224
       -0.048000        0.927244        1.013450        0.573865        0.672545        1.040844
       -0.045333        0.931199        1.017134        0.571353        0.670441        1.046462
       -0.042667        0.935164        1.020822        0.568838        0.668332        1.052078
       -0.040000        0.939140        1.024512        0.566320        0.666217        1.057693
       -0.037333        0.943127        1.028206        0.563798        0.664097        1.063305
       -0.034667        0.947124        1.031902        0.561274        0.661972        1.068914
       -0.032000        0.951130        1.035599        0.558748        0.659843        1.074516
       -0.029333        0.955148        1.039300        0.556218        0.657707        1.080117
       -0.026667        0.959175        1.043002        0.553688        0.655569        1.085709
       -0.024000        0.963213        1.046707        0.551154        0.653425        1.091297
       -0.021333        0.967261        1.050414        0.548619        0.651276        1.096879
       -0.018667        0.971319        1.054122        0.546081        0.649123        1.102454
       -0.016000        0.975385        1.057831        0.543543        0.646967        1.108018
       -0.013333        0.979462        1.061542        0.541003        0.644806        1.113575
       -0.010667        0.983546        1.065252        0.538464        0.642642        1.119119
       -0.008000        0.987640        1.068963        0.535923        0.640475        1.124653
       -0.005333        0.991742        1.072675        0.533382        0.638304        1.130175
       -0.002667        0.995829        1.076365        0.530855        0.636143        1.135654
       -0.000000        0.999593        1.079757        0.528533        0.634154        1.140677
        0.002667        1.004409        1.084088        0.525568        0.631611        1.147077
        0.005333        1.008174        1.087466        0.523254        0.629623        1.152053
        0.008000        1.012563        1.091396        0.520564        0.627310        1.157831
        0.010667        1.016538        1.094948        0.518131        0.625214        1.163034
        0.013333        1.020858        1.098800        0.515496        0.622941        1.168668
        0.016000        1.024912        1.102407        0.513026        0.620807        1.173921
        0.018667        1.029213        1.106226        0.510414        0.618548        1.179473
        0.021333        1.033314        1.109858        0.507927        0.616394        1.184732
        0.024000        1.037612        1.113659        0.505329        0.614140        1.190223
        0.026667        1.041747        1.117307        0.502833        0.611972        1.195468
        0.029333        1.046049        1.121094        0.500245        0.609721        1.200903
        0.032000        1.050213        1.124751        0.497744        0.607542        1.206127
        0.034667        1.054524        1.128530        0.495164        0.605291        1.211512
        0.037333        1.058712        1.132192        0.492661        0.603104        1.216705
        0.040000        1.063035        1.135964        0.490088        0.600852        1.222041
        0.042667        1.067245        1.139629        0.487585        0.598659        1.227198
        0.045333        1.071580        1.143396        0.485018        0.596406        1.232484
        0.048000        1.075810        1.147061        0.482517        0.594207        1.237601
        0.050667        1.080158        1.150822        0.479956        0.591953        1.242836
        0.053333        1.084405        1.154487        0.477458        0.589751        1.247906
        0.056000        1.088768        1.158244        0.474903        0.587495        1.253091
        0.058667        1.093033        1.161907        0.472409        0.585290        1.258114
        0.061333        1.097411        1.165659        0.469861        0.583032        1.263246
        0.064000        1.101694        1.169320        0.467371        0.580824        1.268219
        0.066667        1.106085        1.173067        0.464830        0.578566        1.273295
        0.069333        1.110382        1.176723        0.462346        0.576357        1.278212
        0.072000        1.114788        1.180465        0.459812        0.574099        1.283230
        0.074667        1.119101        1.184118        0.457335        0.571888        1.288092
        0.077333        1.123522        1.187856        0.454808        0.569629        1.293054
        0.080000        1.127850        1.191504        0.452337        0.567417        1.297857
        0.082667        1.132285        1.195235        0.449819        0.565158        1.302756
        0.085333        1.136626        1.198877        0.447356        0.562947        1.307496
        0.088000        1.141077        1.202605        0.444845        0.560688        1.312335
        0.090667        1.145430        1.206239        0.442392        0.558478        1.317009
        0.093333        1.149896        1.209961        0.439890        0.556220        1.321784
        0.096000        1.154260        1.213587        0.437447        0.554011        1.326390
        0.098667        1.158741        1.217304        0.434953        0.551754        1.331100
        0.101333        1.163118        1.220923        0.432520        0.549547        1.335637
        0.104000        1.167614        1.224634        0.430035        0.547290        1.340279
        0.106667        1.172001        1.228244        0.427613        0.545086        1.344745
        0.109333        1.176512        1.231950        0.425138        0.542831        1.349318
        0.112000        1.180909        1.235549        0.422727        0.540631        1.353708
        0.114667        1.185435        1.239249        0.420263        0.538377        1.358211
        0.117333        1.189841        1.242839        0.417864        0.536180        1.362524
        0.120000        1.194382        1.246533        0.415409        0.533929        1.366956
        0.122667        1.198796        1.250110        0.413024        0.531737        1.371188
        0.125333        1.203353        1.253798        0.410580        0.529488        1.375548
        0.128000        1.207775        1.257364        0.408207        0.527301        1.379699
        0.130667        1.212348        1.261048        0.405774        0.525054        1.383986
        0.133333        1.216774        1.264599        0.403417        0.522873        1.388050
        0.136000        1.221363        1.268276        0.400995        0.520629        1.392261
        0.138667        1.225797        1.271815        0.398652        0.518454        1.396241
        0.141333        1.230402        1.275488        0.396240        0.516212        1.400378
        0.144000        1.234838        1.279010        0.393914        0.514046        1.404266
        0.146667        1.239461        1.282678        0.391514        0.511806        1.408327
        0.149333        1.243900        1.286183        0.389204        0.509648        1.412124
        0.152000        1.248541        1.289848        0.386815        0.507411        1.416109
        0.154667        1.252981        1.293335        0.384522        0.505262        1.419810
        0.157333        1.257640        1.296995        0.382145        0.503028        1.423718
        0.160000        1.262079        1.300464        0.379871        0.500888        1.427323
        0.162667        1.266759        1.304121        0.377504        0.498657        1.431154
        0.165333        1.271196        1.307569        0.375249        0.496528        1.434660
        0.168000        1.275896        1.311224        0.372893        0.494299        1.438415
        0.170667        1.280330        1.314650        0.370659        0.492181        1.441817
        0.173333        1.285052        1.318304        0.368313        0.489955        1.445497
        0.176000        1.289479        1.321706        0.366100        0.487850        1.448793
        0.178667        1.294226        1.325360        0.363765        0.485625        1.452399
        0.181333        1.298643        1.328736        0.361574        0.483535        1.455585
        0.184000        1.303416        1.332392        0.359249        0.481311        1.459118
        0.186667        1.307821        1.335738        0.357082        0.479236        1.462191
        0.189333        1.312624        1.339399        0.354765        0.477013        1.465654
        0.192000        1.317012        1.342714        0.352623        0.474954        1.468610
        0.194667        1.321847        1.346380        0.350315        0.472731        1.472003
        0.197333        1.326215        1.349660        0.348200        0.470691        1.474837
        0.200000        1.331087        1.353337        0.345899        0.468466        1.478166
        0.202667        1.335429        1.356577        0.343812        0.466446        1.480873
        0.205333        1.340342        1.360267        0.341517        0.464219        1.484141
        0.208000        1.344654        1.363464        0.339459        0.462221        1.486716
        0.210667        1.349613        1.367171        0.337169        0.459990        1.489927
        0.213333        1.353888        1.370320        0.335144        0.458017        1.492362
        0.216000        1.358900        1.374050        0.332856        0.455779        1.495524
        0.218667        1.363128        1.377142        0.330867        0.453834        1.497811
        0.221333        1.368203        1.380902        0.328578        0.451587        1.500931
        0.224000        1.372373        1.383931        0.326628        0.449673        1.503061
        0.226667        1.377521        1.387729        0.324335        0.447414        1.506148
        0.229333        1.381623        1.390685        0.322428        0.445536        1.508111
        0.232000        1.386857        1.394530        0.320128        0.443261        1.511177
        0.234667        1.390875        1.397402        0.318268        0.441423        1.512958
        0.237333        1.396211        1.401308        0.315956        0.439126        1.516017
        0.240000        1.400127        1.404081        0.314149        0.437335        1.517601
        0.242667        1.405583        1.408062        0.311819        0.435010        1.520670
        0.245333        1.409375        1.410719        0.310072        0.433274        1.522037
        0.248000        1.414976        1.414794        0.307716        0.430914        1.525137
        0.250667        1.418615        1.417313        0.306039        0.429242        1.526263
        0.253333        1.424394        1.421507        0.303647        0.426835        1.529421
        0.256000        1.427844        1.423859        0.302049        0.425240        1.530278
        0.258667        1.433840        1.428205        0.299611        0.422772        1.533527
        0.261333        1.437056        1.430353        0.298107        0.421270        1.534078
        0.264000        1.443320        1.434892        0.295606        0.418724        1.537457
        0.266667        1.446241        1.436788        0.294214        0.417337        1.537655
        0.269333        1.452842        1.441575        0.291629        0.414688        1.541218
        0.272000        1.455389        1.443154        0.290374        0.413446        1.541005
        0.274667        1.462417        1.448264        0.287676        0.410657        1.544819
        0.277333        1.464486        1.449439        0.286592        0.409602        1.544120
        0.280000        1.472064        1.454976        0.283743        0.406626        1.548271
        0.282667        1.473506        1.455620        0.282875        0.405817        1.546985
        0.285333        1.481810        1.461735        0.279819        0.402580        1.551590
        0.288000        1.482413        1.461666        0.279238        0.402110        1.549583
        0.290667        1.491701        1.468585        0.275888        0.398498        1.554803
        0.293333        1.491145        1.467517        0.275700        0.398509        1.551879
        0.296000        1.501824        1.475604        0.271922        0.394340        1.557956
        0.298667        1.499580        1.473065        0.272304        0.395073        1.553810
        0.301333        1.512353        1.482949        0.267862        0.390025        1.561148
        0.304000        1.507451        1.478071        0.269140        0.391924        1.555220
        0.306667        1.523716        1.490995        0.263569        0.385370        1.564633
        0.309333        1.514021        1.481903        0.266448        0.389371        1.555643
        0.312000        1.537287        1.500895        0.258621        0.379841        1.569310
        0.314667        1.518291        1.483613        0.264592        0.387949        1.554663
        0.317333        1.176360        1.220087        0.379347        0.493701        1.197856
        0.320000        0.779637        0.866600        0.598780        0.678489        0.735559
        0.322667        0.695417        0.784242        0.662543        0.729345        0.637781
        0.325333        0.725818        0.814040        0.637316        0.709328        0.671345
        0.328000        0.697230        0.785709        0.659133        0.726659        0.637935
        0.330667        0.710288        0.798448        0.647663        0.717552        0.651717
        0.333333        0.692117        0.780322        0.661341        0.728392        0.630278
        0.336000        0.698851        0.786834        0.654896        0.723275        0.636881
        0.338667        0.685418        0.773355        0.664851        0.731147        0.620894
        0.341333        0.688890        0.776647        0.661015        0.728101        0.623824
        0.344000        0.678195        0.765857        0.668810        0.734252        0.610994
        0.346667        0.679708        0.767208        0.666557        0.732460        0.611742
        0.349333        0.670802        0.758175        0.672936        0.737481        0.600980
        0.352000        0.671031        0.758250        0.671731        0.736518        0.600318
        0.354667        0.663383        0.750454        0.677109        0.740743        0.591015
        0.357333        0.662726        0.749644        0.676636        0.740358        0.589396
        0.360000        0.656008        0.742762        0.681273        0.743993        0.581177
        0.362667        0.654719        0.741317        0.681331        0.744025        0.578889
        0.365333        0.648712        0.735135        0.685399        0.747207        0.571502
        0.368000        0.646961        0.733225        0.685849        0.747547        0.568739
        0.370667        0.641511        0.727591        0.689469        0.750373        0.562009
        0.373333        0.639420        0.725335        0.690214        0.750944        0.558908
        0.376000        0.634416        0.720140        0.693476        0.753484        0.552708
        0.378667        0.632074        0.717627        0.694444        0.754228        0.549367
        0.381333        0.627431        0.712788        0.697414        0.756537        0.543600
        0.384000        0.624903        0.710083        0.698550        0.757411        0.540094
        0.386667        0.620557        0.705536        0.701280        0.759530        0.534687
        0.389333        0.617894        0.702691        0.702542        0.760501        0.531070
        0.392000        0.613795        0.698386        0.705074        0.762462        0.525966
        0.394667        0.611035        0.695438        0.706429        0.763505        0.522281
        0.397333        0.607142        0.691336        0.708794        0.765333        0.517433
        0.400000        0.604316        0.688316        0.710218        0.766428        0.513712
        0.402667        0.600598        0.684386        0.712442        0.768144        0.509086
        0.405333        0.597728        0.681318        0.713914        0.769275        0.505355
        0.408000        0.594159        0.677534        0.716018        0.770896        0.500921
        0.410667        0.591266        0.674437        0.717521        0.772050        0.497198
        0.413333        0.587824        0.670778        0.719524        0.773590        0.492932
        0.416000        0.584921        0.667667        0.721046        0.774757        0.489232
        0.418667        0.581591        0.664117        0.722960        0.776227        0.485117
        0.421333        0.578689        0.661003        0.724490        0.777399        0.481451
        0.424000        0.575457        0.657548        0.726327        0.778807        0.477470
        0.426667        0.572564        0.654441        0.727858        0.779978        0.473847
        0.429333        0.569418        0.651070        0.729627        0.781333        0.469987
        0.432000        0.566543        0.647976        0.731152        0.782499        0.466413
        0.434667        0.563474        0.644681        0.732862        0.783806        0.462663
        0.437333        0.560621        0.641606        0.734376        0.784962        0.459144
        0.440000        0.557621        0.638378        0.736032        0.786226        0.455496
        0.442667        0.554794        0.635326        0.737532        0.787369        0.452034
        0.445333        0.551857        0.632160        0.739139        0.788595        0.448480
        0.448000        0.549059        0.629135        0.740622        0.789724        0.445077
        0.450667        0.546181        0.626025        0.742185        0.790915        0.441612
        0.453333        0.543414        0.623028        0.743647        0.792028        0.438270
        0.456000        0.540589        0.619971        0.745170        0.793186        0.434887
        0.458667        0.537854        0.617005        0.746612        0.794281        0.431607
        0.461333        0.535079        0.613995        0.748096        0.795410        0.428303
        0.464000        0.532378        0.611062        0.749516        0.796487        0.425084
        0.466667        0.529650        0.608099        0.750965        0.797587        0.421855
        0.469333        0.526983        0.605197        0.752361        0.798646        0.418698
        0.472000        0.524300        0.602278        0.753778        0.799719        0.415540
        0.474667        0.521667        0.599409        0.755150        0.800759        0.412444
        0.477333        0.519026        0.596531        0.756535        0.801808        0.409355
        0.480000        0.516428        0.593695        0.757884        0.802829        0.406320
        0.482667        0.513828        0.590857        0.759239        0.803854        0.403296
        0.485333        0.511264        0.588055        0.760563        0.804855        0.400320
        0.488000        0.508702        0.585254        0.761890        0.805858        0.397360
        0.490667        0.506172        0.582486        0.763190        0.806840        0.394443
        0.493333        0.503648        0.579722        0.764490        0.807821        0.391545
        0.496000        0.501152        0.576986        0.765766        0.808784        0.388685
        0.498667        0.498664        0.574258        0.767039        0.809744        0.385846
        0.501333        0.496201        0.571555        0.768292        0.810689        0.383043
        0.504000        0.493749        0.568862        0.769539        0.811629        0.380262
        0.506667        0.491319        0.566191        0.770769        0.812555        0.377514
        0.509333        0.488900        0.563532        0.771992        0.813475        0.374789
        0.512000        0.486502        0.560893        0.773198        0.814383        0.372095
        0.514667        0.484117        0.558266        0.774396        0.815284        0.369424
        0.517333        0.481751        0.555659        0.775580        0.816174        0.366783
        0.520000        0.479398        0.553065        0.776755        0.817058        0.364166
        0.522667        0.477063        0.550489        0.777917        0.817930        0.361577
        0.525333        0.474742        0.547926        0.779069        0.818795        0.359011
        0.528000        0.472438        0.545381        0.780209        0.819651        0.356473
        0.530667        0.470147        0.542849        0.781339        0.820498        0.353958
        0.533333        0.467873        0.540333        0.782457        0.821337        0.351469
        0.536000        0.465613        0.537832        0.783565        0.822168        0.349003
        0.538667        0.463369        0.535347        0.784662        0.822990        0.346562
        0.541333        0.461138        0.532875        0.785749        0.823804        0.344144
        0.544000        0.458923        0.530418        0.786825        0.824610        0.341751
        0.546667        0.456721        0.527976        0.787892        0.825408        0.339380
        0.549333        0.454535        0.525549        0.788948        0.826198        0.337032
        0.552000        0.452361        0.523135        0.789994        0.826980        0.334707
        0.554667        0.450203        0.520736        0.791030        0.827755        0.332405
        0.557333        0.448057        0.518351        0.792056        0.828522        0.330124
        0.560000        0.445926        0.515980        0.793072        0.829281        0.327866
        0.562667        0.443808        0.513622        0.794079        0.830033        0.325629
        0.565333        0.441704        0.511279        0.795077        0.830777        0.323414
        0.568000        0.439613        0.508949        0.796065        0.831515        0.321220
        0.570667        0.437536        0.506632        0.797043        0.832245        0.319046
        0.573333        0.435471        0.504329        0.798012        0.832967        0.316894
        0.576000        0.433419        0.502039        0.798973        0.833683        0.314762
        0.578667        0.431381        0.499763        0.799924        0.834392        0.312650
        0.581333        0.429355        0.497500        0.800866        0.835094        0.310558
        0.584000        0.427342        0.495249        0.801799        0.835788        0.308486
        0.586667        0.425341        0.493012        0.802723        0.836477        0.306433
        0.589333        0.423353        0.490787        0.803639        0.837158        0.304400
        0.592000        0.421377        0.488576        0.804546        0.837833        0.302385
        0.594667        0.419414        0.486376        0.805445        0.838501        0.300390
        0.597333        0.417462        0.484190        0.806335        0.839163        0.298413
        0.600000        0.415523        0.482016        0.807216        0.839818        0.296455
        0.602667        0.413596        0.479854        0.808090        0.840467        0.294515
        0.605333        0.411680        0.477705        0.808955        0.841110        0.292593
        0.608000        0.409776        0.475568        0.809812        0.841746        0.290689
        0.610667        0.407884        0.473443        0.810661        0.842377        0.288803
        0.613333        0.406004        0.471330        0.811502        0.843001        0.286934
        0.616000        0.404135        0.469229        0.812336        0.843619        0.285082
        0.618667        0.402277        0.467140        0.813161        0.844231        0.283247
        0.621333        0.400430        0.465062        0.813979        0.844838        0.281429
        0.624000        0.398595        0.462997        0.814789        0.845438        0.279628
        0.626667        0.396771        0.460943        0.815591        0.846033        0.277843
        0.629333        0.394958        0.458900        0.816386        0.846622        0.276075
        0.632000        0.393156        0.456869        0.817174        0.847205        0.274322
        0.634667        0.391365        0.454850        0.817954        0.847783        0.272586
        0.637333        0.389584        0.452842        0.818727        0.848355        0.270865
        0.640000        0.387815        0.450845        0.819493        0.848922        0.269160
        0.642667        0.386055        0.448859        0.820251        0.849483        0.267471
        0.645333        0.384307        0.446884        0.821003        0.850039        0.265796
        0.648000        0.382569        0.444921        0.821747        0.850589        0.264137
        0.650667        0.380841        0.442968        0.822485        0.851135        0.262493
        0.653333        0.379123        0.441026        0.823216        0.851675        0.260863
        0.656000        0.377416        0.439095        0.823940        0.852210        0.259248
        0.658667        0.375719        0.437175        0.824657        0.852739        0.257648
        0.661333        0.374032        0.435266        0.825367        0.853264        0.256062
        0.664000        0.372355        0.433367        0.826071        0.853784        0.254489
        0.666667        0.370687        0.431478        0.826769        0.854299        0.252931
        0.669333        0.369030        0.429600        0.827460        0.854809        0.251387
        0.672000        0.367382        0.427733        0.828144        0.855314        0.249856
        0.674667        0.365744        0.425876        0.828822        0.855814        0.248339
        0.677333        0.364116        0.424029        0.829494        0.856309        0.246835
        0.680000        0.362497        0.422192        0.830160        0.856800        0.245345
        0.682667        0.360888        0.420365        0.830820        0.857286        0.243867
        0.685333        0.359288        0.418549        0.831473        0.857768        0.242403
        0.688000        0.357698        0.416742        0.832120        0.858245        0.240951
        0.690667        0.356116        0.414946        0.832762        0.858717        0.239512
        0.693333        0.354544        0.413159        0.833397        0.859185        0.238085
        0.696000        0.352981        0.411382        0.834027        0.859649        0.236671
        0.698667        0.351428        0.409615        0.834650        0.860108        0.235269
        0.701333        0.349883        0.407857        0.835268        0.860563        0.233879
        0.704000        0.348347        0.406110        0.835881        0.861013        0.232502
        0.706667        0.346820        0.404371        0.836487        0.861460        0.231136
        0.709333        0.345302        0.402642        0.837089        0.861902        0.229781
        0.712000        0.343792        0.400923        0.837684        0.862340        0.228439
        0.714667        0.342292        0.399213        0.838274        0.862774        0.227108
        0.717333        0.340800        0.397513        0.838859        0.863203        0.225788
        0.720000        0.339316        0.395822        0.839438        0.863629        0.224480
        0.722667        0.337841        0.394139        0.840012        0.864051        0.223182
        0.725333        0.336375        0.392466        0.840581        0.864469        0.221896
        0.728000        0.334917        0.390803        0.841144        0.864883        0.220621
        0.730667        0.333467        0.389148        0.841702        0.865292        0.219356
        0.733333        0.332025        0.387502        0.842256        0.865699        0.218102
        0.736000        0.330592        0.385865        0.842804        0.866101        0.216858
        0.738667        0.329167        0.384237        0.843347        0.866500        0.215625
        0.741333        0.327750        0.382618        0.843885        0.866895        0.214403
        0.744000        0.326341        0.381007        0.844418        0.867286        0.213190
        0.746667        0.324940        0.379406        0.844946        0.867673        0.211988
        0.749333        0.323547        0.377813        0.845470        0.868057        0.210796
        0.752000        0.322162        0.376228        0.845988        0.868437        0.209613
        0.754667        0.320785        0.374652        0.846502        0.868814        0.208441
        0.757333        0.319415        0.373085        0.847012        0.869188        0.207278
        0.760000        0.318054        0.371526        0.847516        0.869557        0.206124
        0.762667        0.316699        0.369975        0.848016        0.869924        0.204981
        0.765333        0.315353        0.368433        0.848512        0.870287        0.203846
        0.768000        0.314014        0.366899        0.849002        0.870646        0.202721
        0.770667        0.312683        0.365374        0.849489        0.871003        0.201605
        0.773333        0.311359        0.363856        0.849971        0.871356        0.200498
        0.776000        0.310042        0.362347        0.850449        0.871705        0.199401
        0.778667        0.308733        0.360845        0.850922        0.872052        0.198312
        0.781333        0.307432        0.359352        0.851391        0.872395        0.197232
        0.784000        0.306137        0.357867        0.851856        0.872735        0.196160
        0.786667        0.304850        0.356390        0.852316        0.873072        0.195098
        0.789333        0.303570        0.354920        0.852773        0.873406        0.194044
        0.792000        0.302297        0.353459        0.853225        0.873737        0.192998
        0.794667        0.301031        0.352005        0.853673        0.874065        0.191961
        0.797333        0.299772        0.350559        0.854117        0.874390        0.190932
        0.800000        0.298520        0.349121        0.854557        0.874711        0.189911
        0.802667        0.297275        0.347690        0.854993        0.875030        0.188899
        0.805333        0.296037        0.346267        0.855425        0.875346        0.187894
        0.808000        0.294806        0.344851        0.855854        0.875659        0.186897
        0.810667        0.293581        0.343443        0.856278        0.875969        0.185909
        0.813333        0.292364        0.342043        0.856698        0.876276        0.184928
        0.816000        0.291153        0.340650        0.857115        0.876581        0.183955
        0.818667        0.289948        0.339264        0.857528        0.876883        0.182989
        0.821333        0.288751        0.337886        0.857938        0.877181        0.182031
        0.824000        0.287559        0.336515        0.858343        0.877478        0.181081
        0.826667        0.286375        0.335151        0.858745        0.877771        0.180138
        0.829333        0.285197        0.333794        0.859143        0.878062        0.179202
        0.832000        0.284025        0.332445        0.859538        0.878350        0.178274
        0.834667        0.282860        0.331102        0.859930        0.878636        0.177352
        0.837333        0.281701        0.329767        0.860317        0.878919        0.176438
        0.840000        0.280549        0.328439        0.860701        0.879199        0.175531
        0.842667        0.279402        0.327118        0.861082        0.879477        0.174631
        0.845333        0.278262        0.325803        0.861460        0.879752        0.173738
        0.848000        0.277128        0.324496        0.861834        0.880025        0.172852
        0.850667        0.276001        0.323195        0.862205        0.880296        0.171972
        0.853333        0.274879        0.321902        0.862572        0.880563        0.171099
        0.856000        0.273764        0.320615        0.862936        0.880829        0.170233
        0.858667        0.272654        0.319335        0.863297        0.881092        0.169373
        0.861333        0.271551        0.318061        0.863655        0.881353        0.168520
        0.864000        0.270453        0.316794        0.864009        0.881611        0.167674
        0.866667        0.269362        0.315534        0.864360        0.881867        0.166833
        0.869333        0.268276        0.314280        0.864709        0.882121        0.166000
        0.872000        0.267196        0.313033        0.865054        0.882372        0.165172
        0.874667        0.266123        0.311793        0.865396        0.882622        0.164350
        0.877333        0.265054        0.310558        0.865735        0.882869        0.163535
        0.880000        0.263992        0.309331        0.866071        0.883113        0.162726
        0.882667        0.262935        0.308109        0.866404        0.883356        0.161923
        0.885333        0.261884        0.306894        0.866734        0.883596        0.161125
        0.888000        0.260838        0.305686        0.867061        0.883834        0.160334
        0.890667        0.259799        0.304483        0.867385        0.884070        0.159548
        0.893333        0.258764        0.303287        0.867707        0.884304        0.158769
        0.896000        0.257735        0.302097        0.868025        0.884536        0.157995
        0.898667        0.256712        0.300913        0.868341        0.884766        0.157226
        0.901333        0.255694        0.299735        0.868654        0.884994        0.156464
        0.904000        0.254682        0.298564        0.868964        0.885220        0.155707
        0.906667        0.253675        0.297398        0.869272        0.885443        0.154955
        0.909333        0.252673        0.296239        0.869577        0.885665        0.154209
        0.912000        0.251676        0.295085        0.869879        0.885885        0.153468
        0.914667        0.250685        0.293937        0.870178        0.886103        0.152733
        0.917333        0.249699        0.292796        0.870475        0.886319        0.152003
        0.920000        0.248719        0.291660        0.870769        0.886533        0.151278
        0.922667        0.247743        0.290530        0.871061        0.886745        0.150558
        0.925333        0.246773        0.289405        0.871350        0.886955        0.149844
        0.928000        0.245807        0.288287        0.871637        0.887163        0.149135
        0.930667        0.244847        0.287174        0.871921        0.887370        0.148430
        0.933333        0.243892        0.286067        0.872202        0.887575        0.147731
        0.936000        0.242942        0.284966        0.872481        0.887778        0.147037
        0.938667        0.241997        0.283870        0.872758        0.887979        0.146348
        0.941333        0.241056        0.282780        0.873032        0.888178        0.145663
        0.944000        0.240121        0.281695        0.873304        0.888376        0.144983
        0.946667        0.239191        0.280616        0.873574        0.888571        0.144309
        0.949333        0.238265        0.279542        0.873841        0.888766        0.143638
        0.952000        0.237345        0.278474        0.874106        0.888958        0.142973
        0.954667        0.236429        0.277411        0.874369        0.889149        0.142312
        0.957333        0.235518        0.276354        0.874629        0.889338        0.141656
        0.960000        0.234611        0.275302        0.874887        0.889525        0.141005
        0.962667        0.233710        0.274256        0.875143        0.889711        0.140357
        0.965333        0.232813        0.273214        0.875397        0.889895        0.139715
        0.968000        0.231920        0.272178        0.875648        0.890078        0.139077
        0.970667        0.231032        0.271147        0.875897        0.890259        0.138443
        0.973333        0.230149        0.270122        0.876144        0.890438        0.137814
        0.976000        0.229271        0.269101        0.876389        0.890616        0.137189
        0.978667        0.228397        0.268086        0.876632        0.890792        0.136568
        0.981333        0.227527        0.267076        0.876873        0.890967        0.135951
        0.984000        0.226662        0.266071        0.877112        0.891140        0.135339
        0.986667        0.225802        0.265071        0.877349        0.891312        0.134731
        0.989333        0.224945        0.264076        0.877583        0.891482        0.134126
        0.992000        0.224094        0.263086        0.877816        0.891652        0.133527
        0.994667        0.223246        0.262100        0.878046        0.891818        0.132930
        0.997333        0.222404        0.261122        0.878276        0.891985        0.132340
        1.000000        0.221563        0.260144        0.878500        0.892148        0.131750
