 Variables=X, Ma,u,P,Rho,Mflux
 ZONE
        0.100000        1.160000        1.218346        0.434251        0.551116        0.342440
        0.101800        1.163014        1.220838        0.432578        0.549599        0.342439
        0.103600        1.166018        1.223318        0.430914        0.548088        0.342439
        0.105400        1.169038        1.225807        0.429246        0.546572        0.342439
        0.107200        1.172048        1.228283        0.427588        0.545063        0.342439
        0.109000        1.175071        1.230767        0.425926        0.543549        0.342439
        0.110800        1.178085        1.233238        0.424273        0.542041        0.342439
        0.112600        1.181115        1.235719        0.422616        0.540528        0.342439
        0.114400        1.184133        1.238185        0.420968        0.539022        0.342439
        0.116200        1.187166        1.240661        0.419317        0.537512        0.342439
        0.118000        1.190189        1.243123        0.417676        0.536007        0.342439
        0.119800        1.193228        1.245595        0.416030        0.534498        0.342439
        0.121600        1.196255        1.248052        0.414394        0.532996        0.342439
        0.123400        1.199300        1.250520        0.412754        0.531488        0.342439
        0.125200        1.202332        1.252973        0.411124        0.529988        0.342439
        0.127000        1.205381        1.255436        0.409490        0.528483        0.342439
        0.128800        1.208416        1.257883        0.407866        0.526985        0.342440
        0.130600        1.211470        1.260341        0.406238        0.525481        0.342439
        0.132400        1.214510        1.262784        0.404620        0.523986        0.342440
        0.134200        1.217570        1.265239        0.402997        0.522484        0.342439
        0.136000        1.220614        1.267676        0.401386        0.520991        0.342440
        0.137800        1.223678        1.270126        0.399770        0.519491        0.342439
        0.139600        1.226725        1.272557        0.398165        0.518001        0.342440
        0.141400        1.229794        1.275003        0.396555        0.516504        0.342439
        0.143200        1.232845        1.277429        0.394957        0.515017        0.342440
        0.145000        1.235919        1.279870        0.393353        0.513522        0.342439
        0.146800        1.238974        1.282291        0.391761        0.512037        0.342440
        0.148600        1.242054        1.284728        0.390164        0.510544        0.342439
        0.150400        1.245111        1.287141        0.388580        0.509063        0.342440
        0.152200        1.248196        1.289574        0.386988        0.507573        0.342439
        0.154000        1.251257        1.291983        0.385411        0.506094        0.342440
        0.155800        1.254346        1.294411        0.383826        0.504607        0.342439
        0.157600        1.257409        1.296812        0.382257        0.503132        0.342440
        0.159400        1.260504        1.299236        0.380677        0.501647        0.342439
        0.161200        1.263571        1.301631        0.379115        0.500175        0.342440
        0.163000        1.266672        1.304051        0.377543        0.498693        0.342439
        0.164800        1.269739        1.306439        0.375988        0.497225        0.342440
        0.166600        1.272845        1.308855        0.374423        0.495745        0.342439
        0.168400        1.275916        1.311236        0.372876        0.494282        0.342440
        0.170200        1.279027        1.313647        0.371317        0.492805        0.342439
        0.172000        1.282099        1.316021        0.369778        0.491345        0.342440
        0.173800        1.285217        1.318428        0.368225        0.489870        0.342438
        0.175600        1.288289        1.320794        0.366695        0.488415        0.342440
        0.177400        1.291412        1.323197        0.365149        0.486943        0.342438
        0.179200        1.294486        1.325556        0.363627        0.485493        0.342440
        0.181000        1.297616        1.327956        0.362087        0.484023        0.342438
        0.182800        1.300690        1.330305        0.360574        0.482578        0.342440
        0.184600        1.303826        1.332701        0.359041        0.481111        0.342438
        0.186400        1.306900        1.335042        0.357536        0.479671        0.342440
        0.188200        1.310043        1.337435        0.356009        0.478206        0.342438
        0.190000        1.313117        1.339767        0.354514        0.476771        0.342440
        0.191800        1.316267        1.342157        0.352993        0.475309        0.342438
        0.193600        1.319340        1.344480        0.351508        0.473879        0.342441
        0.195400        1.322498        1.346866        0.349993        0.472420        0.342438
        0.197200        1.325568        1.349179        0.348517        0.470996        0.342441
        0.199000        1.328734        1.351563        0.347009        0.469540        0.342437
        0.200800        1.331801        1.353864        0.345543        0.468122        0.342441
        0.202600        1.334976        1.356247        0.344041        0.466667        0.342437
        0.204400        1.338041        1.358537        0.342585        0.465256        0.342441
        0.206200        1.341226        1.360920        0.341088        0.463803        0.342437
        0.208000        1.344285        1.363197        0.339644        0.462399        0.342442
        0.209800        1.347480        1.365578        0.338152        0.460948        0.342437
        0.211600        1.350533        1.367842        0.336719        0.459552        0.342442
        0.213400        1.353740        1.370224        0.335233        0.458102        0.342436
        0.215200        1.356787        1.372474        0.333811        0.456713        0.342442
        0.217000        1.360007        1.374858        0.332329        0.455264        0.342436
        0.218800        1.363043        1.377091        0.330920        0.453884        0.342443
        0.220600        1.366278        1.379477        0.329443        0.452436        0.342435
        0.222400        1.369303        1.381693        0.328046        0.451066        0.342443
        0.224200        1.372556        1.384085        0.326572        0.449617        0.342435
        0.226000        1.375569        1.386282        0.325190        0.448256        0.342444
        0.227800        1.378839        1.388679        0.323719        0.446807        0.342434
        0.229600        1.381836        1.390854        0.322351        0.445458        0.342445
        0.231400        1.385128        1.393260        0.320883        0.444007        0.342433
        0.233200        1.388106        1.395412        0.319530        0.442670        0.342446
        0.235000        1.391424        1.397828        0.318062        0.441216        0.342432
        0.236800        1.394379        1.399954        0.316727        0.439892        0.342447
        0.238600        1.397726        1.402384        0.315259        0.438435        0.342431
        0.240400        1.400652        1.404479        0.313942        0.437126        0.342448
        0.242200        1.404032        1.406926        0.312473        0.435664        0.342429
        0.244000        1.406926        1.408988        0.311175        0.434372        0.342450
        0.245800        1.410346        1.411457        0.309703        0.432902        0.342428
        0.247600        1.413200        1.413479        0.308428        0.431628        0.342451
        0.249400        1.416667        1.415976        0.306950        0.430149        0.342426
        0.251200        1.419474        1.417952        0.305699        0.428898        0.342454
        0.253000        1.422995        1.420483        0.304213        0.427407        0.342423
        0.254800        1.425746        1.422408        0.302989        0.426179        0.342456
        0.256600        1.429332        1.424979        0.301493        0.424673        0.342420
        0.258400        1.432014        1.426842        0.300300        0.423473        0.342460
        0.260200        1.435679        1.429466        0.298789        0.421948        0.342417
        0.262000        1.438278        1.431256        0.297630        0.420781        0.342463
        0.263800        1.442037        1.433943        0.296100        0.419232        0.342412
        0.265600        1.444535        1.435648        0.294982        0.418103        0.342468
        0.267400        1.448407        1.438413        0.293426        0.416524        0.342407
        0.269200        1.450782        1.440015        0.292355        0.415441        0.342474
        0.271000        1.454793        1.442878        0.290767        0.413824        0.342400
        0.272800        1.457015        1.444354        0.289751        0.412795        0.342482
        0.274600        1.461198        1.447340        0.288121        0.411130        0.342392
        0.276400        1.463232        1.448663        0.287171        0.410167        0.342491
        0.278200        1.467629        1.451805        0.285486        0.408440        0.342381
        0.280000        1.469426        1.452937        0.284616        0.407558        0.342503
        0.281800        1.474090        1.456275        0.282861        0.405753        0.342368
        0.283600        1.475585        1.457168        0.282091        0.404973        0.342519
        0.285400        1.480592        1.460761        0.280243        0.403066        0.342350
        0.287200        1.481700        1.461347        0.279597        0.402414        0.342540
        0.289000        1.487152        1.465274        0.277628        0.400372        0.342326
        0.290800        1.487748        1.465459        0.277141        0.399890        0.342568
        0.292600        1.493794        1.469833        0.275007        0.397665        0.342293
        0.294400        1.493699        1.469477        0.274732        0.397410        0.342607
        0.296200        1.500560        1.474471        0.272370        0.394931        0.342246
        0.298000        1.499496        1.473358        0.272387        0.394992        0.342664
        0.299800        1.507523        1.479247        0.269694        0.392144        0.342177
        0.301600        1.505034        1.477021        0.270136        0.392673        0.342750
        0.303400        1.514838        1.484278        0.266936        0.389257        0.342067
        0.305200        1.510083        1.480285        0.268047        0.390525        0.342892
        0.307000        1.522865        1.489845        0.263994        0.386155        0.341878
        0.308800        1.514027        1.482675        0.266295        0.388747        0.343155
        0.310600        1.532731        1.496808        0.260553        0.382493        0.341491
        0.312400        1.514474        1.482356        0.265572        0.388086        0.343785
        0.314200        1.550637        1.509841        0.254920        0.376435        0.340287
        0.316000        1.494114        1.465983        0.270995        0.394094        0.346558
        0.317800        1.163463        1.209179        0.384858        0.498831        0.362506
        0.319600        0.794914        0.881226        0.588076        0.669926        0.355480
        0.321400        0.701885        0.790685        0.657859        0.725748        0.346195
        0.323200        0.726729        0.815024        0.637475        0.709570        0.349568
        0.325000        0.704885        0.793427        0.654143        0.722810        0.347324
        0.326800        0.715453        0.803731        0.645065        0.715605        0.349002
        0.328600        0.701706        0.790066        0.655404        0.723803        0.347673
        0.330400        0.707313        0.795493        0.650250        0.719713        0.348763
        0.332200        0.697186        0.785378        0.657747        0.725649        0.347848
        0.334000        0.700250        0.788301        0.654615        0.723162        0.348629
        0.335800        0.692192        0.780216        0.660483        0.727802        0.347952
        0.337600        0.693727        0.781630        0.658573        0.726284        0.348544
        0.339400        0.687011        0.774862        0.663384        0.730082        0.348022
        0.341200        0.687541        0.775281        0.662283        0.729206        0.348485
        0.343000        0.681763        0.769434        0.666352        0.732413        0.348072
        0.344800        0.681593        0.769158        0.665820        0.731987        0.348442
        0.346600        0.676506        0.763990        0.669343        0.734758        0.348110
        0.348400        0.675829        0.763210        0.669225        0.734660        0.348409
        0.350200        0.671270        0.758559        0.672330        0.737099        0.348139
        0.352000        0.670218        0.757405        0.672523        0.737244        0.348383
        0.353800        0.666072        0.753160        0.675299        0.739422        0.348162
        0.355600        0.664738        0.751722        0.675729        0.739753        0.348363
        0.357400        0.660923        0.747802        0.678242        0.741722        0.348180
        0.359200        0.659374        0.746147        0.678854        0.742196        0.348346
        0.361000        0.655827        0.742491        0.681153        0.743994        0.348195
        0.362800        0.654114        0.740670        0.681907        0.744579        0.348332
        0.364600        0.650789        0.737230        0.684030        0.746237        0.348207
        0.366400        0.648950        0.735281        0.684894        0.746907        0.348321
        0.368200        0.645808        0.732022        0.686871        0.748449        0.348217
        0.370000        0.643875        0.729976        0.687819        0.749185        0.348312
        0.371800        0.640888        0.726867        0.689673        0.750628        0.348226
        0.373600        0.638883        0.724746        0.690687        0.751415        0.348304
        0.375400        0.636026        0.721766        0.692437        0.752776        0.348233
        0.377200        0.633969        0.719590        0.693501        0.753601        0.348298
        0.379000        0.631224        0.716718        0.695163        0.754892        0.348239
        0.380800        0.629130        0.714502        0.696264        0.755744        0.348292
        0.382600        0.626480        0.711724        0.697850        0.756975        0.348243
        0.384400        0.624360        0.709480        0.698979        0.757848        0.348288
        0.386200        0.621794        0.706783        0.700500        0.759026        0.348247
        0.388000        0.619658        0.704520        0.701647        0.759913        0.348284
        0.389800        0.617164        0.701893        0.703111        0.761046        0.348251
        0.391600        0.615020        0.699620        0.704270        0.761941        0.348281
        0.393400        0.612590        0.697055        0.705685        0.763035        0.348254
        0.395200        0.610444        0.694777        0.706851        0.763934        0.348279
        0.397000        0.608070        0.692267        0.708222        0.764993        0.348256
        0.398800        0.605927        0.689990        0.709390        0.765894        0.348276
        0.400600        0.603603        0.687528        0.710722        0.766922        0.348258
        0.402400        0.601468        0.685256        0.711890        0.767820        0.348275
        0.404200        0.599189        0.682838        0.713187        0.768820        0.348260
        0.406000        0.597064        0.680574        0.714350        0.769715        0.348273
        0.407800        0.594826        0.678195        0.715617        0.770690        0.348261
        0.409600        0.592714        0.675942        0.716774        0.771580        0.348272
        0.411400        0.590513        0.673599        0.718012        0.772532        0.348262
        0.413200        0.588415        0.671359        0.719160        0.773414        0.348271
        0.415000        0.586250        0.669049        0.720373        0.774345        0.348263
        0.416800        0.584168        0.666823        0.721512        0.775219        0.348270
        0.418600        0.582034        0.664544        0.722700        0.776131        0.348264
        0.420400        0.579969        0.662334        0.723829        0.776997        0.348270
        0.422200        0.577865        0.660083        0.724995        0.777891        0.348264
        0.424000        0.575818        0.657889        0.726112        0.778746        0.348269
        0.425800        0.573742        0.655666        0.727257        0.779624        0.348265
        0.427600        0.571714        0.653489        0.728362        0.780469        0.348269
        0.429400        0.569665        0.651290        0.729488        0.781331        0.348265
        0.431200        0.567655        0.649131        0.730580        0.782167        0.348268
        0.433000        0.565631        0.646957        0.731687        0.783013        0.348265
        0.434800        0.563640        0.644816        0.732767        0.783838        0.348268
        0.436600        0.561641        0.642665        0.733856        0.784670        0.348266
        0.438400        0.559669        0.640541        0.734923        0.785484        0.348268
        0.440200        0.557692        0.638412        0.735996        0.786304        0.348266
        0.442000        0.555740        0.636307        0.737048        0.787107        0.348267
        0.443800        0.553786        0.634200        0.738105        0.787913        0.348266
        0.445600        0.551853        0.632113        0.739145        0.788705        0.348267
        0.447400        0.549920        0.630026        0.740186        0.789498        0.348266
        0.449200        0.548006        0.627957        0.741212        0.790280        0.348267
        0.451000        0.546094        0.625890        0.742238        0.791061        0.348266
        0.452800        0.544199        0.623839        0.743251        0.791832        0.348267
        0.454600        0.542308        0.621792        0.744262        0.792602        0.348266
        0.456400        0.540431        0.619759        0.745262        0.793362        0.348267
        0.458200        0.538559        0.617731        0.746259        0.794120        0.348266
        0.460000        0.536701        0.615715        0.747246        0.794870        0.348267
        0.461800        0.534849        0.613706        0.748229        0.795617        0.348266
        0.463600        0.533009        0.611708        0.749203        0.796356        0.348267
        0.465400        0.531175        0.609717        0.750172        0.797092        0.348266
        0.467200        0.529353        0.607736        0.751133        0.797821        0.348267
        0.469000        0.527538        0.605763        0.752089        0.798547        0.348267
        0.470800        0.525734        0.603799        0.753037        0.799266        0.348267
        0.472600        0.523937        0.601843        0.753981        0.799981        0.348266
        0.474400        0.522150        0.599897        0.754916        0.800690        0.348267
        0.476200        0.520370        0.597958        0.755847        0.801395        0.348266
        0.478000        0.518601        0.596028        0.756770        0.802094        0.348267
        0.479800        0.516839        0.594106        0.757688        0.802789        0.348267
        0.481600        0.515086        0.592193        0.758599        0.803478        0.348267
        0.483400        0.513341        0.590287        0.759505        0.804163        0.348267
        0.485200        0.511605        0.588391        0.760404        0.804843        0.348267
        0.487000        0.509877        0.586501        0.761298        0.805519        0.348267
        0.488800        0.508157        0.584621        0.762186        0.806189        0.348267
        0.490600        0.506446        0.582748        0.763067        0.806855        0.348267
        0.492400        0.504743        0.580883        0.763943        0.807517        0.348267
        0.494200        0.503047        0.579026        0.764813        0.808173        0.348267
        0.496000        0.501360        0.577177        0.765677        0.808826        0.348267
        0.497800        0.499680        0.575335        0.766536        0.809474        0.348267
        0.499600        0.498008        0.573501        0.767389        0.810117        0.348267
        0.501400        0.496344        0.571675        0.768237        0.810756        0.348267
        0.503200        0.494688        0.569857        0.769078        0.811390        0.348267
        0.505000        0.493039        0.568046        0.769915        0.812020        0.348267
        0.506800        0.491399        0.566243        0.770745        0.812646        0.348267
        0.508600        0.489765        0.564447        0.771571        0.813268        0.348267
        0.510400        0.488139        0.562659        0.772391        0.813885        0.348267
        0.512200        0.486521        0.560878        0.773205        0.814498        0.348267
        0.514000        0.484910        0.559104        0.774015        0.815107        0.348267
        0.515800        0.483306        0.557338        0.774819        0.815711        0.348267
        0.517600        0.481710        0.555578        0.775617        0.816312        0.348267
        0.519400        0.480121        0.553827        0.776411        0.816908        0.348266
        0.521200        0.478539        0.552082        0.777199        0.817501        0.348267
        0.523000        0.476964        0.550344        0.777983        0.818089        0.348267
        0.524800        0.475397        0.548614        0.778761        0.818674        0.348267
        0.526600        0.473836        0.546890        0.779534        0.819254        0.348267
        0.528400        0.472282        0.545174        0.780302        0.819831        0.348267
        0.530200        0.470736        0.543464        0.781065        0.820403        0.348267
        0.532000        0.469196        0.541762        0.781823        0.820972        0.348267
        0.533800        0.467663        0.540066        0.782577        0.821537        0.348266
        0.535600        0.466137        0.538377        0.783325        0.822098        0.348267
        0.537400        0.464617        0.536695        0.784069        0.822655        0.348267
        0.539200        0.463105        0.535020        0.784807        0.823209        0.348266
        0.541000        0.461599        0.533351        0.785542        0.823759        0.348266
        0.542800        0.460099        0.531689        0.786271        0.824305        0.348266
        0.544600        0.458607        0.530034        0.786995        0.824848        0.348267
        0.546400        0.457121        0.528385        0.787715        0.825386        0.348267
        0.548200        0.455641        0.526743        0.788430        0.825922        0.348267
        0.550000        0.454167        0.525107        0.789141        0.826454        0.348266
        0.551800        0.452701        0.523478        0.789847        0.826982        0.348266
        0.553600        0.451240        0.521856        0.790549        0.827506        0.348266
        0.555400        0.449786        0.520240        0.791246        0.828027        0.348267
        0.557200        0.448339        0.518630        0.791938        0.828545        0.348266
        0.559000        0.446897        0.517027        0.792626        0.829059        0.348266
        0.560800        0.445462        0.515430        0.793310        0.829570        0.348266
        0.562600        0.444033        0.513839        0.793990        0.830077        0.348266
        0.564400        0.442610        0.512254        0.794665        0.830581        0.348266
        0.566200        0.441193        0.510676        0.795335        0.831082        0.348267
        0.568000        0.439782        0.509104        0.796002        0.831579        0.348266
        0.569800        0.438377        0.507538        0.796664        0.832073        0.348266
        0.571600        0.436979        0.505979        0.797321        0.832564        0.348267
        0.573400        0.435586        0.504425        0.797975        0.833051        0.348267
        0.575200        0.434199        0.502878        0.798625        0.833536        0.348267
        0.577000        0.432818        0.501336        0.799270        0.834017        0.348266
        0.578800        0.431443        0.499801        0.799911        0.834495        0.348266
        0.580600        0.430074        0.498271        0.800548        0.834969        0.348266
        0.582400        0.428711        0.496748        0.801181        0.835441        0.348266
        0.584200        0.427353        0.495230        0.801810        0.835909        0.348267
        0.586000        0.426001        0.493718        0.802435        0.836375        0.348266
        0.587800        0.424655        0.492213        0.803056        0.836837        0.348266
        0.589600        0.423314        0.490712        0.803674        0.837296        0.348266
        0.591400        0.421979        0.489218        0.804287        0.837752        0.348266
        0.593200        0.420650        0.487730        0.804896        0.838206        0.348266
        0.595000        0.419326        0.486247        0.805501        0.838656        0.348266
        0.596800        0.418008        0.484770        0.806103        0.839103        0.348266
        0.598600        0.416695        0.483299        0.806700        0.839548        0.348266
        0.600400        0.415388        0.481834        0.807294        0.839989        0.348266
        0.602200        0.414086        0.480374        0.807885        0.840428        0.348266
        0.604000        0.412790        0.478920        0.808471        0.840863        0.348266
        0.605800        0.411499        0.477471        0.809054        0.841296        0.348266
        0.607600        0.410213        0.476028        0.809633        0.841726        0.348266
        0.609400        0.408933        0.474590        0.810208        0.842153        0.348266
        0.611200        0.407658        0.473158        0.810779        0.842578        0.348266
        0.613000        0.406388        0.471732        0.811347        0.842999        0.348266
        0.614800        0.405124        0.470310        0.811912        0.843418        0.348266
        0.616600        0.403864        0.468895        0.812473        0.843834        0.348266
        0.618400        0.402610        0.467484        0.813030        0.844248        0.348266
        0.620200        0.401361        0.466080        0.813584        0.844658        0.348266
        0.622000        0.400117        0.464680        0.814134        0.845066        0.348266
        0.623800        0.398879        0.463286        0.814681        0.845472        0.348266
        0.625600        0.397645        0.461897        0.815224        0.845874        0.348266
        0.627400        0.396416        0.460513        0.815764        0.846274        0.348266
        0.629200        0.395193        0.459135        0.816301        0.846672        0.348266
        0.631000        0.393974        0.457762        0.816834        0.847067        0.348266
        0.632800        0.392761        0.456394        0.817363        0.847459        0.348266
        0.634600        0.391552        0.455031        0.817890        0.847849        0.348266
        0.636400        0.390348        0.453674        0.818413        0.848236        0.348266
        0.638200        0.389149        0.452322        0.818933        0.848621        0.348266
        0.640000        0.387955        0.450974        0.819449        0.849003        0.348266
        0.641800        0.386766        0.449632        0.819962        0.849383        0.348266
        0.643600        0.385581        0.448295        0.820472        0.849760        0.348266
        0.645400        0.384402        0.446963        0.820979        0.850135        0.348266
        0.647200        0.383227        0.445636        0.821483        0.850508        0.348266
        0.649000        0.382057        0.444314        0.821983        0.850878        0.348266
        0.650800        0.380892        0.442997        0.822481        0.851245        0.348266
        0.652600        0.379731        0.441685        0.822975        0.851611        0.348266
        0.654400        0.378575        0.440378        0.823466        0.851974        0.348266
        0.656200        0.377423        0.439076        0.823954        0.852334        0.348266
        0.658000        0.376277        0.437778        0.824439        0.852692        0.348266
        0.659800        0.375135        0.436486        0.824920        0.853048        0.348266
        0.661600        0.373997        0.435198        0.825399        0.853402        0.348266
        0.663400        0.372864        0.433916        0.825875        0.853753        0.348266
        0.665200        0.371735        0.432638        0.826348        0.854103        0.348266
        0.667000        0.370611        0.431365        0.826818        0.854449        0.348266
        0.668800        0.369492        0.430096        0.827285        0.854794        0.348266
        0.670600        0.368377        0.428833        0.827749        0.855136        0.348266
        0.672400        0.367266        0.427574        0.828210        0.855477        0.348266
        0.674200        0.366160        0.426320        0.828668        0.855815        0.348266
        0.676000        0.365058        0.425070        0.829123        0.856150        0.348266
        0.677800        0.363961        0.423825        0.829575        0.856484        0.348266
        0.679600        0.362868        0.422585        0.830025        0.856816        0.348266
        0.681400        0.361779        0.421349        0.830472        0.857145        0.348266
        0.683200        0.360694        0.420118        0.830916        0.857472        0.348266
        0.685000        0.359614        0.418892        0.831357        0.857798        0.348266
        0.686800        0.358538        0.417670        0.831796        0.858121        0.348266
        0.688600        0.357467        0.416453        0.832231        0.858442        0.348266
        0.690400        0.356399        0.415240        0.832664        0.858761        0.348266
        0.692200        0.355336        0.414032        0.833095        0.859078        0.348266
        0.694000        0.354277        0.412828        0.833522        0.859393        0.348266
        0.695800        0.353222        0.411629        0.833947        0.859706        0.348266
        0.697600        0.352171        0.410434        0.834370        0.860017        0.348266
        0.699400        0.351124        0.409244        0.834789        0.860326        0.348266
        0.701200        0.350082        0.408058        0.835206        0.860632        0.348266
        0.703000        0.349044        0.406876        0.835621        0.860938        0.348266
        0.704800        0.348009        0.405699        0.836032        0.861241        0.348266
        0.706600        0.346979        0.404526        0.836442        0.861542        0.348266
        0.708400        0.345952        0.403358        0.836849        0.861841        0.348266
        0.710200        0.344930        0.402193        0.837253        0.862138        0.348266
        0.712000        0.343912        0.401033        0.837654        0.862434        0.348266
        0.713800        0.342897        0.399878        0.838054        0.862727        0.348266
        0.715600        0.341887        0.398726        0.838450        0.863019        0.348266
        0.717400        0.340880        0.397579        0.838845        0.863309        0.348267
        0.719200        0.339878        0.396436        0.839236        0.863597        0.348266
        0.721000        0.338879        0.395298        0.839626        0.863883        0.348266
        0.722800        0.337884        0.394163        0.840013        0.864167        0.348266
        0.724600        0.336893        0.393033        0.840397        0.864450        0.348266
        0.726400        0.335906        0.391907        0.840779        0.864731        0.348266
        0.728200        0.334923        0.390785        0.841159        0.865010        0.348266
        0.730000        0.333943        0.389667        0.841536        0.865287        0.348266
        0.731800        0.332968        0.388553        0.841912        0.865562        0.348266
        0.733600        0.331996        0.387443        0.842284        0.865836        0.348266
        0.735400        0.331027        0.386337        0.842655        0.866108        0.348266
        0.737200        0.330063        0.385236        0.843023        0.866378        0.348266
        0.739000        0.329102        0.384138        0.843389        0.866647        0.348266
        0.740800        0.328145        0.383045        0.843752        0.866914        0.348266
        0.742600        0.327192        0.381955        0.844114        0.867179        0.348266
        0.744400        0.326242        0.380870        0.844473        0.867442        0.348266
        0.746200        0.325296        0.379788        0.844830        0.867704        0.348266
        0.748000        0.324353        0.378710        0.845184        0.867964        0.348266
        0.749800        0.323414        0.377637        0.845537        0.868223        0.348266
        0.751600        0.322479        0.376567        0.845887        0.868480        0.348266
        0.753400        0.321547        0.375501        0.846235        0.868735        0.348266
        0.755200        0.320619        0.374439        0.846581        0.868989        0.348266
        0.757000        0.319695        0.373381        0.846925        0.869241        0.348266
        0.758800        0.318774        0.372326        0.847267        0.869491        0.348266
        0.760600        0.317856        0.371276        0.847607        0.869740        0.348266
        0.762400        0.316942        0.370229        0.847944        0.869988        0.348266
        0.764200        0.316031        0.369186        0.848280        0.870234        0.348266
        0.766000        0.315124        0.368147        0.848613        0.870478        0.348266
        0.767800        0.314221        0.367112        0.848944        0.870721        0.348266
        0.769600        0.313320        0.366081        0.849274        0.870962        0.348266
        0.771400        0.312423        0.365053        0.849601        0.871202        0.348266
        0.773200        0.311530        0.364029        0.849926        0.871440        0.348266
        0.775000        0.310640        0.363009        0.850250        0.871677        0.348266
        0.776800        0.309753        0.361992        0.850571        0.871912        0.348266
        0.778600        0.308870        0.360979        0.850890        0.872146        0.348266
        0.780400        0.307990        0.359970        0.851207        0.872378        0.348266
        0.782200        0.307113        0.358964        0.851523        0.872609        0.348266
        0.784000        0.306240        0.357962        0.851836        0.872838        0.348266
        0.785800        0.305370        0.356964        0.852148        0.873066        0.348266
        0.787600        0.304503        0.355969        0.852457        0.873293        0.348266
        0.789400        0.303639        0.354978        0.852765        0.873518        0.348266
        0.791200        0.302779        0.353990        0.853071        0.873742        0.348266
        0.793000        0.301922        0.353006        0.853375        0.873964        0.348266
        0.794800        0.301068        0.352026        0.853677        0.874185        0.348266
        0.796600        0.300218        0.351049        0.853977        0.874405        0.348266
        0.798400        0.299370        0.350075        0.854276        0.874623        0.348266
        0.800200        0.298526        0.349105        0.854573        0.874840        0.348266
        0.802000        0.297685        0.348139        0.854867        0.875056        0.348266
        0.803800        0.296847        0.347176        0.855160        0.875270        0.348266
        0.805600        0.296012        0.346216        0.855451        0.875483        0.348266
        0.807400        0.295180        0.345260        0.855741        0.875694        0.348266
        0.809200        0.294352        0.344307        0.856029        0.875904        0.348266
        0.811000        0.293526        0.343358        0.856314        0.876113        0.348266
        0.812800        0.292704        0.342412        0.856599        0.876321        0.348266
        0.814600        0.291884        0.341470        0.856881        0.876527        0.348266
        0.816400        0.291068        0.340531        0.857162        0.876733        0.348266
        0.818200        0.290255        0.339595        0.857441        0.876936        0.348266
        0.820000        0.289445        0.338663        0.857718        0.877139        0.348266
        0.821800        0.288637        0.337734        0.857994        0.877340        0.348266
        0.823600        0.287833        0.336808        0.858268        0.877540        0.348266
        0.825400        0.287032        0.335886        0.858540        0.877739        0.348266
        0.827200        0.286233        0.334966        0.858811        0.877937        0.348266
        0.829000        0.285438        0.334051        0.859080        0.878133        0.348266
        0.830800        0.284646        0.333138        0.859347        0.878328        0.348266
        0.832600        0.283856        0.332229        0.859613        0.878522        0.348266
        0.834400        0.283070        0.331323        0.859877        0.878715        0.348266
        0.836200        0.282286        0.330420        0.860139        0.878907        0.348266
        0.838000        0.281505        0.329520        0.860400        0.879097        0.348266
        0.839800        0.280727        0.328624        0.860660        0.879287        0.348266
        0.841600        0.279952        0.327731        0.860917        0.879475        0.348266
        0.843400        0.279180        0.326840        0.861174        0.879662        0.348266
        0.845200        0.278411        0.325954        0.861428        0.879847        0.348266
        0.847000        0.277644        0.325070        0.861682        0.880032        0.348266
        0.848800        0.276880        0.324189        0.861933        0.880216        0.348266
        0.850600        0.276120        0.323312        0.862183        0.880398        0.348266
        0.852400        0.275361        0.322437        0.862432        0.880579        0.348266
        0.854200        0.274606        0.321566        0.862679        0.880760        0.348266
        0.856000        0.273853        0.320698        0.862924        0.880939        0.348266
        0.857800        0.273104        0.319833        0.863169        0.881117        0.348266
        0.859600        0.272357        0.318970        0.863411        0.881294        0.348266
        0.861400        0.271612        0.318111        0.863652        0.881469        0.348266
        0.863200        0.270871        0.317255        0.863892        0.881644        0.348266
        0.865000        0.270132        0.316402        0.864130        0.881818        0.348266
        0.866800        0.269396        0.315552        0.864367        0.881991        0.348266
        0.868600        0.268662        0.314705        0.864603        0.882162        0.348266
        0.870400        0.267931        0.313862        0.864837        0.882333        0.348266
        0.872200        0.267203        0.313021        0.865069        0.882502        0.348266
        0.874000        0.266477        0.312182        0.865301        0.882671        0.348266
        0.875800        0.265754        0.311347        0.865530        0.882838        0.348266
        0.877600        0.265034        0.310515        0.865759        0.883004        0.348266
        0.879400        0.264316        0.309686        0.865986        0.883170        0.348266
        0.881200        0.263601        0.308860        0.866212        0.883334        0.348266
        0.883000        0.262889        0.308036        0.866436        0.883498        0.348266
        0.884800        0.262179        0.307216        0.866659        0.883660        0.348266
        0.886600        0.261472        0.306398        0.866881        0.883822        0.348266
        0.888400        0.260767        0.305583        0.867101        0.883982        0.348266
        0.890200        0.260065        0.304771        0.867320        0.884142        0.348266
        0.892000        0.259365        0.303962        0.867538        0.884300        0.348267
        0.893800        0.258668        0.303156        0.867754        0.884458        0.348266
        0.895600        0.257973        0.302352        0.867970        0.884614        0.348266
        0.897400        0.257281        0.301552        0.868183        0.884770        0.348266
        0.899200        0.256591        0.300754        0.868396        0.884925        0.348266
        0.901000        0.255904        0.299959        0.868607        0.885079        0.348266
        0.902800        0.255219        0.299167        0.868817        0.885232        0.348266
        0.904600        0.254537        0.298377        0.869026        0.885384        0.348266
        0.906400        0.253857        0.297590        0.869234        0.885535        0.348266
        0.908200        0.253180        0.296806        0.869440        0.885685        0.348266
        0.910000        0.252505        0.296025        0.869645        0.885834        0.348266
        0.911800        0.251832        0.295246        0.869849        0.885983        0.348266
        0.913600        0.251162        0.294471        0.870052        0.886130        0.348266
        0.915400        0.250494        0.293697        0.870253        0.886277        0.348266
        0.917200        0.249829        0.292927        0.870454        0.886422        0.348266
        0.919000        0.249166        0.292159        0.870653        0.886567        0.348266
        0.920800        0.248505        0.291394        0.870851        0.886711        0.348266
        0.922600        0.247847        0.290632        0.871048        0.886854        0.348266
        0.924400        0.247191        0.289872        0.871243        0.886996        0.348266
        0.926200        0.246538        0.289115        0.871438        0.887138        0.348266
        0.928000        0.245886        0.288360        0.871631        0.887278        0.348266
        0.929800        0.245238        0.287608        0.871823        0.887418        0.348266
        0.931600        0.244591        0.286859        0.872014        0.887557        0.348266
        0.933400        0.243947        0.286112        0.872204        0.887695        0.348266
        0.935200        0.243304        0.285368        0.872393        0.887832        0.348266
        0.937000        0.242665        0.284626        0.872581        0.887969        0.348266
        0.938800        0.242027        0.283887        0.872767        0.888104        0.348266
        0.940600        0.241392        0.283150        0.872953        0.888239        0.348266
        0.942400        0.240759        0.282416        0.873137        0.888373        0.348266
        0.944200        0.240128        0.281685        0.873320        0.888506        0.348267
        0.946000        0.239500        0.280956        0.873502        0.888639        0.348267
        0.947800        0.238873        0.280230        0.873684        0.888770        0.348267
        0.949600        0.238249        0.279506        0.873864        0.888901        0.348267
        0.951400        0.237627        0.278784        0.874043        0.889031        0.348267
        0.953200        0.237008        0.278065        0.874221        0.889160        0.348266
        0.955000        0.236390        0.277349        0.874398        0.889289        0.348266
        0.956800        0.235775        0.276635        0.874573        0.889417        0.348266
        0.958600        0.235162        0.275923        0.874748        0.889544        0.348266
        0.960400        0.234551        0.275214        0.874922        0.889670        0.348267
        0.962200        0.233942        0.274507        0.875095        0.889796        0.348267
        0.964000        0.233335        0.273803        0.875267        0.889920        0.348267
        0.965800        0.232730        0.273101        0.875438        0.890044        0.348266
        0.967600        0.232128        0.272402        0.875607        0.890168        0.348267
        0.969400        0.231527        0.271705        0.875776        0.890290        0.348267
        0.971200        0.230929        0.271010        0.875944        0.890412        0.348267
        0.973000        0.230333        0.270318        0.876111        0.890533        0.348267
        0.974800        0.229739        0.269628        0.876277        0.890654        0.348267
        0.976600        0.229147        0.268940        0.876442        0.890774        0.348267
        0.978400        0.228557        0.268255        0.876606        0.890893        0.348267
        0.980200        0.227969        0.267572        0.876769        0.891011        0.348266
        0.982000        0.227383        0.266891        0.876931        0.891129        0.348267
        0.983800        0.226799        0.266213        0.877092        0.891246        0.348267
        0.985600        0.226217        0.265537        0.877252        0.891362        0.348266
        0.987400        0.225637        0.264863        0.877412        0.891477        0.348267
        0.989200        0.225060        0.264192        0.877570        0.891592        0.348266
        0.991000        0.224484        0.263523        0.877727        0.891707        0.348267
        0.992800        0.223910        0.262856        0.877884        0.891820        0.348266
        0.994600        0.223338        0.262191        0.878040        0.891933        0.348267
        0.996400        0.222768        0.261528        0.878194        0.892045        0.348266
        0.998200        0.222201        0.260869        0.878348        0.892157        0.348267
        1.000000        0.221634        0.260210        0.878500        0.892267        0.348265
