  -1.00000000000000       0.500000000000000     
 -0.990000000000000       0.499999787251486     
 -0.980000000000000       0.499999499148324     
 -0.970000000000000       0.499999115221539     
 -0.960000000000000       0.499998612289837     
 -0.950000000000000       0.499997962347806     
 -0.940000000000000       0.499997131905486     
 -0.930000000000000       0.499996081054653     
 -0.920000000000000       0.499994762421975     
 -0.910000000000000       0.499993119976956     
 -0.900000000000000       0.499991087680785     
 -0.890000000000000       0.499988587959091     
 -0.880000000000000       0.499985529980572     
 -0.870000000000000       0.499981807722226     
 -0.860000000000000       0.499977297800629     
 -0.850000000000000       0.499971857047451     
 -0.840000000000000       0.499965319806066     
 -0.830000000000000       0.499957494924816     
 -0.820000000000000       0.499948162421115     
 -0.810000000000000       0.499937069789254     
 -0.800000000000000       0.499923927923345     
 -0.790000000000000       0.499908406625413     
 -0.780000000000000       0.499890129667216     
 -0.770000000000000       0.499868669372790     
 -0.760000000000000       0.499843540687169     
 -0.750000000000000       0.499814194695001     
 -0.740000000000000       0.499780011551021     
 -0.730000000000000       0.499740292782347     
 -0.720000000000000       0.499694252920512     
 -0.710000000000000       0.499641010418803     
 -0.700000000000000       0.499579577807947     
 -0.690000000000000       0.499508851040406     
 -0.680000000000000       0.499427597970418     
 -0.670000000000000       0.499334445913525     
 -0.660000000000000       0.499227868225529     
 -0.650000000000000       0.499106169836707     
 -0.640000000000000       0.498967471672541     
 -0.630000000000000       0.498809693887348     
 -0.620000000000000       0.498630537831911     
 -0.610000000000000       0.498427466670649     
 -0.600000000000000       0.498197684558043     
 -0.590000000000000       0.497938114278128     
 -0.580000000000000       0.497645373244976     
 -0.570000000000000       0.497315747756509     
 -0.560000000000000       0.496945165388948     
 -0.550000000000000       0.496529165415197     
 -0.540000000000000       0.496062867127864     
 -0.530000000000000       0.495540935947217     
 -0.520000000000000       0.494957547196882     
 -0.510000000000000       0.494306347436519     
 -0.500000000000000       0.493580413252339     
 -0.490000000000000       0.492772207424622     
 -0.480000000000000       0.491873532418192     
 -0.470000000000000       0.490875481179256     
 -0.460000000000000       0.489768385272767     
 -0.450000000000000       0.488541760461467     
 -0.440000000000000       0.487184249914605     
 -0.429999999999999       0.485683565344937     
 -0.419999999999999       0.484026426511566     
 -0.409999999999999       0.482198499698341     
 -0.399999999999999       0.480184335988184     
 -0.389999999999999       0.477967310408209     
 -0.379999999999999       0.475529563324016     
 -0.369999999999999       0.472851945818573     
 -0.359999999999999       0.469913971204831     
 -0.349999999999999       0.466693775292604     
 -0.339999999999999       0.463168088556733     
 -0.329999999999999       0.459312223927941     
 -0.319999999999999       0.455100084535786     
 -0.309999999999999       0.450504196352150     
 -0.299999999999999       0.445495771279702     
 -0.289999999999999       0.440044806755941     
 -0.279999999999999       0.434120228337538     
 -0.269999999999999       0.427690081913816     
 -0.259999999999999       0.420721782078789     
 -0.249999999999999       0.413182422662078     
 -0.239999999999999       0.405039154367867     
 -0.229999999999999       0.396259632789056     
 -0.219999999999999       0.386812537661409     
 -0.209999999999999       0.376668161049068     
 -0.199999999999999       0.365799058220477     
 -0.189999999999999       0.354180750383114     
 -0.179999999999999       0.341792463408417     
 -0.169999999999999       0.328617881533134     
 -0.159999999999999       0.314645890234255     
 -0.149999999999999       0.299871278608512     
 -0.139999999999999       0.284295369263573     
 -0.129999999999999       0.267926543537665     
 -0.119999999999999       0.250780632267505     
 -0.109999999999999       0.232881147536328     
 -9.999999999999924E-002  0.214259338723194     
 -8.999999999999925E-002  0.194954066201561     
 -7.999999999999925E-002  0.175011497252177     
 -6.999999999999926E-002  0.154484639893389     
 -5.999999999999926E-002  0.133432739967839     
 -4.999999999999925E-002  0.111920573613145     
 -3.999999999999925E-002  9.001767017408528E-002
 -2.999999999999925E-002  6.779749923116077E-002
 -1.999999999999925E-002  4.533664996740724E-002
 -9.999999999999247E-003  2.271402252052202E-002
  7.528699885739343E-016  1.004079340765841E-005
  1.000000000000075E-002 -2.269411373761843E-002
  2.000000000000075E-002 -4.531725555083504E-002
  3.000000000000076E-002 -6.777894863238100E-002
  4.000000000000076E-002 -9.000027276909817E-002
  5.000000000000076E-002 -0.111904610983374     
  6.000000000000076E-002 -0.133418458662371     
  7.000000000000076E-002 -0.154472244995582     
  8.000000000000075E-002 -0.175001147128060     
  9.000000000000075E-002 -0.194945868807901     
  0.100000000000001      -0.214253349790488     
  0.110000000000001      -0.232877370821273     
  0.120000000000001      -0.250779021908431     
  0.130000000000001      -0.267927008370847     
  0.140000000000001      -0.284297778796092     
  0.150000000000001      -0.299875470218422     
  0.160000000000001      -0.314651677096562     
  0.170000000000001      -0.328625060755743     
  0.180000000000001      -0.341800823900947     
  0.190000000000001      -0.354190080061275     
  0.200000000000001      -0.365809150253573     
  0.210000000000001      -0.376678818971745     
  0.220000000000001      -0.386823579278798     
  0.230000000000001      -0.396270892896854     
  0.240000000000001      -0.405050486379737     
  0.250000000000001      -0.413193699284323     
  0.260000000000001      -0.420732895197963     
  0.270000000000001      -0.427700941870149     
  0.280000000000001      -0.434130762750224     
  0.290000000000001      -0.440054959049955     
  0.300000000000001      -0.445505499041958     
  0.310000000000001      -0.450513469620882     
  0.320000000000001      -0.455108884103348     
  0.330000000000001      -0.459320539715547     
  0.340000000000001      -0.463175918100869     
  0.350000000000001      -0.466701122367255     
  0.360000000000001      -0.469920844591438     
  0.370000000000001      -0.472858358226292     
  0.380000000000001      -0.475535530456235     
  0.390000000000001      -0.477972850166756     
  0.400000000000001      -0.480189467803913     
  0.410000000000001      -0.482203243975352     
  0.420000000000001      -0.484030804171859     
  0.430000000000001      -0.485687597460549     
  0.440000000000001      -0.487187957414958     
  0.450000000000001      -0.488545163904646     
  0.460000000000001      -0.489771504670540     
  0.470000000000001      -0.490878335866829     
  0.480000000000001      -0.491876140960827     
  0.490000000000001      -0.492774587554330     
  0.500000000000001      -0.493582581828870     
  0.510000000000001      -0.494308320427753     
  0.520000000000001      -0.494959339674526     
  0.530000000000001      -0.495542562094422     
  0.540000000000001      -0.496064340255959     
  0.550000000000001      -0.496530497987248     
  0.560000000000001      -0.496946369048300     
  0.570000000000001      -0.497316833358814     
  0.580000000000001      -0.497646350892519     
  0.590000000000001      -0.497938993355517     
  0.600000000000001      -0.498198473768527     
  0.610000000000001      -0.498428174072499     
  0.620000000000001      -0.498631170874429     
  0.630000000000001      -0.498810259446189     
  0.640000000000001      -0.498967976084104     
  0.650000000000001      -0.499106618931431     
  0.660000000000001      -0.499228267359978     
  0.670000000000001      -0.499334800001185     
  0.680000000000001      -0.499427911511176     
  0.690000000000001      -0.499509128148670     
  0.700000000000001      -0.499579822239437     
  0.710000000000001      -0.499641225595999     
  0.720000000000001      -0.499694441956796     
  0.730000000000001      -0.499740458504866     
  0.740000000000001      -0.499780156522296     
  0.750000000000001      -0.499814321233332     
  0.760000000000001      -0.499843650885856     
  0.770000000000001      -0.499868765118228     
  0.780000000000001      -0.499890212655884     
  0.790000000000001      -0.499908478379815     
  0.800000000000001      -0.499923989806926     
  0.810000000000001      -0.499937123020341     
  0.820000000000001      -0.499948208085914     
  0.830000000000001      -0.499957533989512     
  0.840000000000001      -0.499965353128061     
  0.850000000000001      -0.499971885385771     
  0.860000000000001      -0.499977321825558     
  0.870000000000001      -0.499981828024178     
  0.880000000000001      -0.499985547078264     
  0.890000000000001      -0.499988602307040     
  0.900000000000001      -0.499991099676174     
  0.910000000000001      -0.499993129965897     
  0.920000000000001      -0.499994770705214     
  0.930000000000001      -0.499996087892752     
  0.940000000000001      -0.499997137523509     
  0.950000000000001      -0.499997966939574     
  0.960000000000001      -0.499998616021504     
  0.970000000000001      -0.499999118237336     
  0.980000000000001      -0.499999501550655     
  0.990000000000001      -0.499999789330181     
   1.00000000000000      -0.500000000000000     
